# height: 1080
# width: 1440

CameraMatrix:
  fx: 1322.768751
  fy: 1326.220238
  cx: 789.938405
  cy: 662.025133

DistCoeffs:
  k1: -0.122216
  k2: 0.101035
  p1: -0.001523
  p2: 0.003184
  k3: 0.000000

ReprojectionError: 5.2895421808764653e-01
